4 0.52109375 0.1479076479076479 0.1046875 0.1370851370851371
4 0.9234375 0.15223665223665223 0.0984375 0.1111111111111111
4 0.6203125 0.15873015873015872 0.1015625 0.1443001443001443
4 0.72421875 0.16305916305916307 0.1078125 0.13852813852813853
4 0.065625 0.21284271284271283 0.08125 0.10533910533910534
4 0.241015625 0.22582972582972582 0.09765625 0.10245310245310245
4 0.254296875 0.23304473304473305 0.27265625 0.1111111111111111
4 0.340625 0.23665223665223664 0.1015625 0.11544011544011544
4 0.4359375 0.2474747474747475 0.0953125 0.12265512265512266
4 0.9203125 0.2554112554112554 0.103125 0.09812409812409813
4 0.51953125 0.25613275613275616 0.1 0.10533910533910534
4 0.816796875 0.2676767676767677 0.10234375 0.09956709956709957
4 0.625 0.2691197691197691 0.090625 0.09668109668109669
4 0.72109375 0.2821067821067821 0.0859375 0.11688311688311688
4 0.060546875 0.30303030303030304 0.08359375 0.09523809523809523
4 0.15 0.329004329004329 0.090625 0.08946608946608947
4 0.241796875 0.3347763347763348 0.09453125 0.1240981240981241
4 0.428515625 0.3383838383838384 0.08828125 0.11688311688311688
4 0.333984375 0.3427128427128427 0.09609375 0.11976911976911978
4 0.81875 0.3658008658008658 0.1015625 0.10822510822510822
4 0.525 0.36796536796536794 0.09375 0.12698412698412698
4 0.621484375 0.38023088023088025 0.09296875 0.10822510822510822
4 0.06640625 0.3874458874458874 0.0875 0.08802308802308802
4 0.156640625 0.42857142857142855 0.10703125 0.09812409812409813
4 0.41953125 0.4379509379509379 0.08125 0.10245310245310245
4 0.32578125 0.43867243867243866 0.0921875 0.08658008658008658
4 0.609765625 0.468975468975469 0.10390625 0.1240981240981241
4 0.699609375 0.4769119769119769 0.08828125 0.113997113997114
4 0.082421875 0.49134199134199136 0.07734375 0.113997113997114
4 0.16171875 0.512987012987013 0.0796875 0.10533910533910534
4 0.8484375 0.5187590187590188 0.1796875 0.16883116883116883
4 0.250390625 0.5223665223665224 0.07734375 0.09812409812409813
4 0.334765625 0.5288600288600288 0.08671875 0.10822510822510822
4 0.518359375 0.538961038961039 0.10390625 0.08802308802308802
4 0.415234375 0.5396825396825397 0.08828125 0.1038961038961039
4 0.076171875 0.5836940836940837 0.08046875 0.08513708513708514
4 0.2484375 0.6024531024531025 0.075 0.08802308802308802
4 0.162109375 0.6046176046176046 0.09453125 0.07792207792207792
4 0.341015625 0.6111111111111112 0.09921875 0.07647907647907648
4 0.4296875 0.6161616161616161 0.096875 0.10966810966810966
4 0.523828125 0.637085137085137 0.08046875 0.10822510822510822
4 0.6109375 0.6457431457431457 0.1015625 0.09668109668109669
4 0.802734375 0.6486291486291487 0.10234375 0.12265512265512266
4 0.710546875 0.652958152958153 0.08828125 0.1111111111111111
4 0.892578125 0.6594516594516594 0.09296875 0.10966810966810966
4 0.09453125 0.6637806637806638 0.09375 0.11255411255411256
4 0.18125 0.6810966810966811 0.0921875 0.09235209235209235
4 0.255078125 0.6911976911976911 0.08828125 0.07503607503607504
4 0.34609375 0.7049062049062049 0.0828125 0.08802308802308802
4 0.611328125 0.7352092352092352 0.09609375 0.0735930735930736
4 0.78125 0.7503607503607503 0.0875 0.06637806637806638
4 0.0828125 0.7546897546897547 0.0703125 0.0836940836940837
4 0.169921875 0.7655122655122655 0.09453125 0.07647907647907648
4 0.428125 0.7770562770562771 0.096875 0.09090909090909091
4 0.344140625 0.7835497835497836 0.08984375 0.10678210678210678
4 0.259375 0.784992784992785 0.071875 0.10678210678210678
4 0.51875 0.7958152958152959 0.0921875 0.08802308802308802
4 0.691796875 0.8124098124098124 0.08671875 0.10678210678210678
4 0.601171875 0.8189033189033189 0.08203125 0.0707070707070707
4 0.863671875 0.829004329004329 0.09296875 0.08513708513708514
4 0.776171875 0.836940836940837 0.09296875 0.0836940836940837
4 0.421484375 0.8636363636363636 0.07421875 0.06782106782106782
4 0.521875 0.8809523809523809 0.0984375 0.0735930735930736
4 0.325390625 0.11471861471861472 0.10234375 0.12842712842712842
4 0.227734375 0.11976911976911978 0.10078125 0.1240981240981241
4 0.104296875 0.12554112554112554 0.11015625 0.10678210678210678
4 0.421484375 0.1341991341991342 0.09609375 0.11832611832611832
4 0.821484375 0.14357864357864358 0.09609375 0.12842712842712842