4 0.48381294964028776 0.5552486187845304 0.19784172661870503 0.2154696132596685
4 0.6474820143884892 0.5552486187845304 0.1079136690647482 0.19337016574585636
4 0.2805755395683453 0.5939226519337016 0.16546762589928057 0.2154696132596685
4 0.09892086330935251 0.6270718232044199 0.18345323741007194 0.2596685082872928
4 0.9244604316546763 0.6850828729281768 0.10071942446043165 0.15469613259668508
4 0.7967625899280576 0.7016574585635359 0.17625899280575538 0.16574585635359115
4 0.48381294964028776 0.7596685082872928 0.20503597122302158 0.1712707182320442
4 0.64568345323741 0.7651933701657458 0.11870503597122302 0.2154696132596685
4 0.2823741007194245 0.8397790055248618 0.17625899280575538 0.23204419889502761
4 0.09532374100719425 0.8729281767955801 0.17625899280575538 0.20994475138121546
4 0.10071942446043165 0.12430939226519337 0.2014388489208633 0.24861878453038674
4 0.28597122302158273 0.13259668508287292 0.16906474820143885 0.2430939226519337
4 0.48741007194244607 0.16574585635359115 0.1906474820143885 0.20994475138121546
4 0.6528776978417267 0.16574585635359115 0.11870503597122302 0.20994475138121546
4 0.7913669064748201 0.17955801104972377 0.15827338129496402 0.1712707182320442
4 0.9262589928057554 0.18232044198895028 0.09712230215827339 0.1878453038674033
4 0.6438848920863309 0.34806629834254144 0.11510791366906475 0.15469613259668508
4 0.9226618705035972 0.34806629834254144 0.09712230215827339 0.143646408839779
4 0.7931654676258992 0.35359116022099446 0.1618705035971223 0.16574585635359115
4 0.2841726618705036 0.356353591160221 0.16546762589928057 0.2154696132596685
4 0.4892086330935252 0.36464088397790057 0.18705035971223022 0.1878453038674033
4 0.10071942446043165 0.3756906077348066 0.19424460431654678 0.2430939226519337
4 0.9316546762589928 0.5138121546961326 0.09352517985611511 0.15469613259668508
4 0.7931654676258992 0.5220994475138122 0.1618705035971223 0.14917127071823205