4 0.8552123552123552 0.615979381443299 0.11196911196911197 0.2422680412371134
4 0.16023166023166024 0.6907216494845361 0.23552123552123552 0.23711340206185566
4 0.7104247104247104 0.7036082474226805 0.10038610038610038 0.28350515463917525
4 0.44787644787644787 0.7525773195876289 0.3474903474903475 0.27835051546391754
4 0.7142857142857143 0.1958762886597938 0.1776061776061776 0.26804123711340205
4 0.4498069498069498 0.2036082474226804 0.3359073359073359 0.26288659793814434
4 0.8552123552123552 0.21391752577319587 0.0888030888030888 0.20103092783505155
4 0.15057915057915058 0.2190721649484536 0.23938223938223938 0.2422680412371134
4 0.7915057915057915 0.4329896907216495 0.10810810810810811 0.21649484536082475
4 0.138996138996139 0.45618556701030927 0.21621621621621623 0.23195876288659795
4 0.3223938223938224 0.47680412371134023 0.1274131274131274 0.27319587628865977
4 0.5482625482625483 0.48195876288659795 0.30115830115830117 0.26288659793814434