4 0.2803030303030303 0.5942408376963351 0.11363636363636363 0.14136125654450263
4 0.6590909090909091 0.5968586387434555 0.09090909090909091 0.09424083769633508
4 0.8333333333333334 0.5968586387434555 0.08333333333333333 0.1256544502617801
4 0.16477272727272727 0.5968586387434555 0.10227272727272728 0.16753926701570682
4 0.7443181818181818 0.599476439790576 0.0946969696969697 0.1099476439790576
4 0.3958333333333333 0.6099476439790575 0.125 0.13089005235602094
4 0.571969696969697 0.6204188481675392 0.10606060606060606 0.09947643979057591
4 0.8333333333333334 0.24083769633507854 0.09090909090909091 0.10471204188481675
4 0.7386363636363636 0.24607329842931938 0.08333333333333333 0.10471204188481675
4 0.6553030303030303 0.2486910994764398 0.08333333333333333 0.1099476439790576
4 0.5700757575757576 0.2591623036649215 0.0946969696969697 0.14136125654450263
4 0.4147727272727273 0.34293193717277487 0.10227272727272728 0.09947643979057591
4 0.20265151515151514 0.34293193717277487 0.0946969696969697 0.1099476439790576
4 0.6534090909090909 0.3612565445026178 0.07954545454545454 0.10471204188481675
4 0.75 0.3612565445026178 0.09090909090909091 0.11518324607329843
4 0.8371212121212122 0.36649214659685864 0.09090909090909091 0.1256544502617801
4 0.5625 0.3743455497382199 0.10227272727272728 0.12041884816753927
4 0.2803030303030303 0.38219895287958117 0.09848484848484848 0.05235602094240838
4 0.3977272727272727 0.43455497382198954 0.12121212121212122 0.07329842931937172
4 0.23674242424242425 0.4581151832460733 0.1856060606060606 0.09947643979057591
4 0.7481060606060606 0.47643979057591623 0.08712121212121213 0.13612565445026178
4 0.8333333333333334 0.4790575916230366 0.08333333333333333 0.1099476439790576
4 0.6590909090909091 0.4869109947643979 0.09848484848484848 0.11518324607329843
4 0.38446969696969696 0.5026178010471204 0.11742424242424243 0.041884816753926704
4 0.571969696969697 0.5026178010471204 0.10606060606060606 0.10471204188481675