4 0.22245762711864406 0.5046728971962616 0.3008474576271186 0.19626168224299065
4 0.5847457627118644 0.5327102803738317 0.4152542372881356 0.19626168224299065
4 0.798728813559322 0.6425233644859814 0.13983050847457626 0.21962616822429906
4 0.1843220338983051 0.6565420560747663 0.2076271186440678 0.2102803738317757
4 0.5233050847457628 0.7663551401869159 0.4788135593220339 0.205607476635514
4 0.5995762711864406 0.14485981308411214 0.4194915254237288 0.205607476635514
4 0.3050847457627119 0.17523364485981308 0.2033898305084746 0.1822429906542056
4 0.15466101694915255 0.18457943925233644 0.1228813559322034 0.1542056074766355
4 0.9279661016949152 0.19626168224299065 0.13559322033898305 0.1588785046728972
4 0.1694915254237288 0.3247663551401869 0.2033898305084746 0.1542056074766355
4 0.788135593220339 0.3341121495327103 0.1440677966101695 0.17289719626168223
4 0.4936440677966102 0.3364485981308411 0.4194915254237288 0.18691588785046728