4 0.5893617021276596 0.5651162790697675 0.1574468085106383 0.12558139534883722
4 0.7638297872340426 0.5767441860465117 0.19148936170212766 0.14883720930232558
4 0.2851063829787234 0.6069767441860465 0.11914893617021277 0.2186046511627907
4 0.4319148936170213 0.6674418604651163 0.1829787234042553 0.3302325581395349
4 0.6978723404255319 0.7465116279069768 0.33191489361702126 0.2186046511627907
4 0.2553191489361702 0.7930232558139535 0.19574468085106383 0.15348837209302327
4 0.6531914893617021 0.21627906976744185 0.1829787234042553 0.14418604651162792
4 0.4957446808510638 0.2372093023255814 0.12340425531914893 0.11162790697674418
4 0.32127659574468087 0.25116279069767444 0.20851063829787234 0.07441860465116279
4 0.32553191489361705 0.32558139534883723 0.20851063829787234 0.07441860465116279
4 0.7914893617021277 0.38372093023255816 0.11063829787234042 0.2186046511627907
4 0.5829787234042553 0.39767441860465114 0.33191489361702126 0.22790697674418606
4 0.32553191489361705 0.4325581395348837 0.17446808510638298 0.12093023255813953