4 0.7365771812080537 0.727810650887574 0.15100671140939598 0.27218934911242604
4 0.5805369127516778 0.7307692307692307 0.1610738255033557 0.2781065088757396
4 0.1174496644295302 0.7366863905325444 0.1476510067114094 0.28994082840236685
4 0.27181208053691275 0.7366863905325444 0.14093959731543623 0.2781065088757396
4 0.42953020134228187 0.7396449704142012 0.14093959731543623 0.27218934911242604
4 0.12416107382550336 0.19822485207100593 0.15436241610738255 0.25443786982248523
4 0.27348993288590606 0.20414201183431951 0.14429530201342283 0.26627218934911245
4 0.2684563758389262 0.4556213017751479 0.15436241610738255 0.2485207100591716
4 0.1174496644295302 0.46745562130177515 0.15436241610738255 0.2603550295857988
4 0.42953020134228187 0.47041420118343197 0.14093959731543623 0.2781065088757396
4 0.575503355704698 0.47337278106508873 0.15771812080536912 0.2603550295857988