4 0.6092592592592593 0.5588235294117647 0.08518518518518518 0.09090909090909091
4 0.12777777777777777 0.6310160427807486 0.07037037037037037 0.21390374331550802
4 0.49074074074074076 0.6336898395721925 0.16666666666666666 0.18716577540106952
4 0.28888888888888886 0.6443850267379679 0.24444444444444444 0.2192513368983957
4 0.8870370370370371 0.7032085561497327 0.07777777777777778 0.19786096256684493
4 0.7166666666666667 0.732620320855615 0.24074074074074073 0.23529411764705882
4 0.2833333333333333 0.22459893048128343 0.24074074074074073 0.22459893048128343
4 0.48148148148148145 0.22994652406417113 0.14814814814814814 0.20320855614973263
4 0.12962962962962962 0.22994652406417113 0.08148148148148149 0.18181818181818182
4 0.7574074074074074 0.3048128342245989 0.2037037037037037 0.16042780748663102
4 0.6111111111111112 0.3181818181818182 0.1037037037037037 0.13368983957219252
4 0.12962962962962962 0.4304812834224599 0.07407407407407407 0.19786096256684493
4 0.48518518518518516 0.43315508021390375 0.14814814814814814 0.21390374331550802
4 0.28888888888888886 0.4385026737967914 0.2518518518518518 0.21390374331550802
4 0.6037037037037037 0.44385026737967914 0.08888888888888889 0.12834224598930483
4 0.7425925925925926 0.516042780748663 0.1814814814814815 0.17647058823529413