4 0.5057915057915058 0.5180412371134021 0.3088803088803089 0.22164948453608246
4 0.18725868725868725 0.07474226804123711 0.3667953667953668 0.13917525773195877
4 0.34555984555984554 0.7474226804123711 0.2972972972972973 0.23711340206185566
4 0.6602316602316602 0.75 0.3166023166023166 0.25257731958762886
4 0.9073359073359073 0.7525773195876289 0.1776061776061776 0.23711340206185566
4 0.10038610038610038 0.75 0.19305019305019305 0.25257731958762886
4 0.8281853281853282 0.07989690721649484 0.3127413127413127 0.15979381443298968
4 0.5193050193050193 0.08247422680412371 0.305019305019305 0.15463917525773196
4 0.6640926640926641 0.2706185567010309 0.30115830115830117 0.2422680412371134
4 0.10038610038610038 0.2757731958762887 0.19305019305019305 0.2422680412371134
4 0.3532818532818533 0.2809278350515464 0.3204633204633205 0.25257731958762886
4 0.9092664092664092 0.29381443298969073 0.16602316602316602 0.24742268041237114
4 0.1969111969111969 0.5103092783505154 0.30115830115830117 0.2268041237113402
4 0.8146718146718147 0.5128865979381443 0.29343629343629346 0.23195876288659795