4 0.3464419475655431 0.6349206349206349 0.07865168539325842 0.17989417989417988
4 0.4438202247191011 0.6507936507936508 0.13108614232209737 0.12698412698412698
4 0.6198501872659176 0.701058201058201 0.26591760299625467 0.20634920634920634
4 0.6292134831460674 0.10317460317460317 0.24719101123595505 0.20634920634920634
4 0.45318352059925093 0.15343915343915343 0.12734082397003746 0.1693121693121693
4 0.33707865168539325 0.19047619047619047 0.08239700374531835 0.14814814814814814
4 0.6310861423220974 0.30423280423280424 0.2808988764044944 0.19576719576719576
4 0.3389513108614232 0.328042328042328 0.08614232209737828 0.14814814814814814
4 0.4363295880149813 0.3306878306878307 0.09363295880149813 0.15343915343915343
4 0.3464419475655431 0.48677248677248675 0.07865168539325842 0.13756613756613756
4 0.6292134831460674 0.5 0.27715355805243447 0.20634920634920634
4 0.4400749063670412 0.5079365079365079 0.12359550561797752 0.19047619047619047