4 0.5876865671641791 0.5558510638297872 0.11567164179104478 0.15425531914893617
4 0.9029850746268657 0.5558510638297872 0.17164179104477612 0.15425531914893617
4 0.13432835820895522 0.5558510638297872 0.15671641791044777 0.16489361702127658
4 0.7593283582089553 0.5585106382978723 0.11567164179104478 0.14893617021276595
4 0.4496268656716418 0.5611702127659575 0.15298507462686567 0.14361702127659576
4 0.26492537313432835 0.5611702127659575 0.11940298507462686 0.14361702127659576
4 0.2462686567164179 0.699468085106383 0.15671641791044777 0.12234042553191489
4 0.5634328358208955 0.7074468085106383 0.16417910447761194 0.14893617021276595
4 0.10820895522388059 0.7074468085106383 0.1044776119402985 0.13829787234042554
4 0.4253731343283582 0.7101063829787234 0.11194029850746269 0.15425531914893617
4 0.7817164179104478 0.7101063829787234 0.16044776119402984 0.15425531914893617
4 0.9253731343283582 0.7127659574468085 0.11940298507462686 0.14893617021276595
4 0.4291044776119403 0.39893617021276595 0.11194029850746269 0.14893617021276595
4 0.5634328358208955 0.4015957446808511 0.15671641791044777 0.14361702127659576
4 0.9216417910447762 0.4015957446808511 0.12686567164179105 0.16489361702127658
4 0.7705223880597015 0.4122340425531915 0.16044776119402984 0.14361702127659576
4 0.11753731343283583 0.4148936170212766 0.11567164179104478 0.14893617021276595
4 0.25 0.4148936170212766 0.14925373134328357 0.1595744680851064