4 0.746268656716418 0.6648936170212766 0.1417910447761194 0.14893617021276595
4 0.6119402985074627 0.7047872340425532 0.12686567164179105 0.2393617021276596
4 0.48134328358208955 0.7340425531914894 0.13432835820895522 0.2553191489361702
4 0.3041044776119403 0.75 0.19776119402985073 0.2978723404255319
4 0.1044776119402985 0.7819148936170213 0.20149253731343283 0.32978723404255317
4 0.10634328358208955 0.14095744680851063 0.20522388059701493 0.28191489361702127
4 0.30783582089552236 0.1622340425531915 0.20522388059701493 0.324468085106383
4 0.48507462686567165 0.18882978723404256 0.13432835820895522 0.28191489361702127
4 0.6082089552238806 0.23404255319148937 0.1044776119402985 0.24468085106382978
4 0.7444029850746269 0.26861702127659576 0.13805970149253732 0.21808510638297873
4 0.8880597014925373 0.3058510638297872 0.12686567164179105 0.16489361702127658
4 0.1044776119402985 0.4441489361702128 0.20149253731343283 0.31382978723404253
4 0.30783582089552236 0.45478723404255317 0.19029850746268656 0.2925531914893617
4 0.6063432835820896 0.4627659574468085 0.10074626865671642 0.23404255319148937
4 0.48134328358208955 0.4654255319148936 0.13432835820895522 0.2712765957446808
4 0.7164179104477612 0.4787234042553192 0.08208955223880597 0.2127659574468085
4 0.8880597014925373 0.48138297872340424 0.11194029850746269 0.17553191489361702