4 0.14 0.5491803278688525 0.19272727272727272 0.2459016393442623
4 0.34363636363636363 0.5491803278688525 0.2290909090909091 0.2459016393442623
4 0.6018181818181818 0.5573770491803278 0.23636363636363636 0.32786885245901637
4 0.8581818181818182 0.5683060109289617 0.27636363636363637 0.36065573770491804
4 0.14181818181818182 0.7595628415300546 0.18181818181818182 0.14207650273224043
4 0.34 0.7622950819672131 0.21454545454545454 0.15846994535519127
4 0.6036363636363636 0.8032786885245902 0.24 0.15300546448087432
4 0.8618181818181818 0.8142076502732241 0.26181818181818184 0.15300546448087432
4 0.8545454545454545 0.19398907103825136 0.28363636363636363 0.3442622950819672
4 0.5981818181818181 0.23497267759562843 0.2290909090909091 0.30601092896174864
4 0.33636363636363636 0.2896174863387978 0.22181818181818183 0.26229508196721313
4 0.13272727272727272 0.3251366120218579 0.1781818181818182 0.20218579234972678