4 0.23220973782771537 0.05555555555555555 0.15730337078651685 0.1111111111111111
4 0.2902621722846442 0.5317460317460317 0.19850187265917604 0.1746031746031746
4 0.0898876404494382 0.5370370370370371 0.1647940074906367 0.164021164021164
4 0.9307116104868914 0.6878306878306878 0.13108614232209737 0.17989417989417988
4 0.5749063670411985 0.6878306878306878 0.19101123595505617 0.1693121693121693
4 0.7640449438202247 0.6904761904761905 0.21722846441947566 0.164021164021164
4 0.05056179775280899 0.701058201058201 0.10112359550561797 0.1746031746031746
4 0.2397003745318352 0.7037037037037037 0.26217228464419473 0.17989417989417988
4 0.9044943820224719 0.1746031746031746 0.18352059925093633 0.20105820105820105
4 0.6610486891385767 0.17989417989417988 0.27340823970037453 0.19047619047619047
4 0.2846441947565543 0.18783068783068782 0.1947565543071161 0.15343915343915343
4 0.08426966292134831 0.1984126984126984 0.16853932584269662 0.1746031746031746
4 0.5898876404494382 0.3439153439153439 0.19850187265917604 0.15873015873015872
4 0.2546816479400749 0.3439153439153439 0.2696629213483146 0.15873015873015872
4 0.9400749063670412 0.3492063492063492 0.11235955056179775 0.13756613756613756
4 0.7846441947565543 0.35185185185185186 0.19850187265917604 0.15343915343915343
4 0.06179775280898876 0.36243386243386244 0.12359550561797752 0.164021164021164
4 0.6385767790262172 0.5132275132275133 0.2958801498127341 0.15873015873015872
4 0.8876404494382022 0.5185185185185185 0.21722846441947566 0.15873015873015872