4 0.8163636363636364 0.5655737704918032 0.36 0.3224043715846995
4 0.5363636363636364 0.6038251366120219 0.21454545454545454 0.2677595628415301
4 0.2781818181818182 0.6065573770491803 0.23636363636363636 0.273224043715847
4 0.08545454545454545 0.6202185792349727 0.1709090909090909 0.2677595628415301
4 0.84 0.855191256830601 0.31272727272727274 0.2896174863387978
4 0.5454545454545454 0.8661202185792349 0.2690909090909091 0.2568306010928962
4 0.3181818181818182 0.8715846994535519 0.21454545454545454 0.2459016393442623
4 0.10727272727272727 0.8743169398907104 0.2 0.24043715846994534
4 0.2963636363636364 0.14207650273224043 0.15636363636363637 0.24043715846994534
4 0.11818181818181818 0.1721311475409836 0.21454545454545454 0.2677595628415301
4 0.8145454545454546 0.25136612021857924 0.29818181818181816 0.25136612021857924
4 0.5436363636363636 0.33879781420765026 0.21454545454545454 0.25136612021857924
4 0.11636363636363636 0.38524590163934425 0.23272727272727273 0.23497267759562843