4 0.639344262295082 0.36727272727272725 0.36065573770491804 0.12363636363636364
4 0.3251366120218579 0.4690909090909091 0.3005464480874317 0.10181818181818182
4 0.639344262295082 0.47454545454545455 0.31693989071038253 0.09090909090909091
4 0.9043715846994536 0.48545454545454547 0.18032786885245902 0.28
4 0.6147540983606558 0.5527272727272727 0.3333333333333333 0.10181818181818182
4 0.319672131147541 0.56 0.2677595628415301 0.10909090909090909
4 0.31420765027322406 0.66 0.3005464480874317 0.09090909090909091
4 0.6338797814207651 0.6654545454545454 0.34972677595628415 0.11636363636363636
4 0.9016393442622951 0.7218181818181818 0.18579234972677597 0.1781818181818182
4 0.674863387978142 0.07272727272727272 0.4207650273224044 0.14545454545454545
4 0.31693989071038253 0.7618181818181818 0.32786885245901637 0.09818181818181818
4 0.29508196721311475 0.07636363636363637 0.273224043715847 0.11636363636363636
4 0.6338797814207651 0.7709090909090909 0.31693989071038253 0.10181818181818182
4 0.8961748633879781 0.850909090909091 0.19672131147540983 0.12363636363636364
4 0.319672131147541 0.86 0.3005464480874317 0.11272727272727273
4 0.6092896174863388 0.8636363636363636 0.3551912568306011 0.11272727272727273
4 0.31693989071038253 0.17454545454545456 0.29508196721311475 0.09454545454545454
4 0.6174863387978142 0.1781818181818182 0.30601092896174864 0.06545454545454546
4 0.9016393442622951 0.20363636363636364 0.18579234972677597 0.10909090909090909
4 0.2923497267759563 0.26181818181818184 0.3442622950819672 0.08727272727272728
4 0.6229508196721312 0.2636363636363636 0.28415300546448086 0.09818181818181818
4 0.9043715846994536 0.30727272727272725 0.18032786885245902 0.12
4 0.30601092896174864 0.3618181818181818 0.31693989071038253 0.08363636363636363