4 0.8875432525951558 0.7011494252873564 0.13494809688581316 0.20689655172413793
4 0.5346020761245674 0.7097701149425287 0.12802768166089964 0.1896551724137931
4 0.6885813148788927 0.7126436781609196 0.18685121107266436 0.20689655172413793
4 0.3615916955017301 0.7212643678160919 0.17647058823529413 0.16666666666666666
4 0.20588235294117646 0.7298850574712644 0.14186851211072665 0.19540229885057472
4 0.532871972318339 0.3132183908045977 0.1314878892733564 0.1896551724137931
4 0.6816608996539792 0.31896551724137934 0.16608996539792387 0.1781609195402299
4 0.8944636678200693 0.31896551724137934 0.10726643598615918 0.1781609195402299
4 0.356401384083045 0.3275862068965517 0.17993079584775087 0.1839080459770115
4 0.2093425605536332 0.3333333333333333 0.11418685121107267 0.20689655172413793
4 0.9100346020761245 0.49712643678160917 0.15916955017301038 0.1896551724137931
4 0.5570934256055363 0.5057471264367817 0.17993079584775087 0.19540229885057472
4 0.7058823529411765 0.5057471264367817 0.11072664359861592 0.16091954022988506
4 0.3806228373702422 0.514367816091954 0.1314878892733564 0.1781609195402299
4 0.23183391003460208 0.5287356321839081 0.17993079584775087 0.1724137931034483