4 0.7142857142857143 0.5842391304347826 0.10989010989010989 0.19021739130434784
4 0.13003663003663005 0.5842391304347826 0.20146520146520147 0.16847826086956522
4 0.39377289377289376 0.595108695652174 0.10622710622710622 0.1793478260869565
4 0.2765567765567766 0.595108695652174 0.0989010989010989 0.1793478260869565
4 0.8736263736263736 0.5978260869565217 0.2087912087912088 0.18478260869565216
4 0.5457875457875457 0.6059782608695652 0.1978021978021978 0.1793478260869565
4 0.08424908424908426 0.7527173913043478 0.10256410256410256 0.1793478260869565
4 0.8791208791208791 0.7663043478260869 0.21245421245421245 0.17391304347826086
4 0.18681318681318682 0.7663043478260869 0.09523809523809523 0.17391304347826086
4 0.2838827838827839 0.7663043478260869 0.10622710622710622 0.16304347826086957
4 0.5860805860805861 0.7690217391304348 0.10256410256410256 0.16847826086956522
4 0.38095238095238093 0.7717391304347826 0.10256410256410256 0.17391304347826086
4 0.48534798534798534 0.7744565217391305 0.11355311355311355 0.1793478260869565
4 0.7142857142857143 0.7771739130434783 0.11721611721611722 0.1956521739130435
4 0.1794871794871795 0.21739130434782608 0.11721611721611722 0.17391304347826086
4 0.48534798534798534 0.23097826086956522 0.10622710622710622 0.20108695652173914
4 0.8388278388278388 0.23641304347826086 0.18315018315018314 0.15760869565217392
4 0.23076923076923078 0.3967391304347826 0.19047619047619047 0.20652173913043478
4 0.7673992673992674 0.39945652173913043 0.19413919413919414 0.19021739130434784
4 0.08241758241758242 0.4076086956521739 0.0989010989010989 0.15217391304347827
4 0.9230769230769231 0.4076086956521739 0.10256410256410256 0.17391304347826086
4 0.4340659340659341 0.41847826086956524 0.18681318681318682 0.17391304347826086
4 0.5952380952380952 0.42391304347826086 0.0989010989010989 0.17391304347826086