4 0.4288888888888889 0.5266666666666666 0.19111111111111112 0.18222222222222223
4 0.20444444444444446 0.5488888888888889 0.18666666666666668 0.13777777777777778
4 0.5888888888888889 0.5644444444444444 0.12 0.10666666666666667
4 0.36444444444444446 0.6666666666666666 0.1511111111111111 0.11555555555555555
4 0.5688888888888889 0.6755555555555556 0.18666666666666668 0.12444444444444444
4 0.7466666666666667 0.6777777777777778 0.1511111111111111 0.1288888888888889
4 0.19333333333333333 0.6933333333333334 0.2 0.13333333333333333
4 0.6066666666666667 0.8333333333333334 0.2088888888888889 0.2
4 0.8377777777777777 0.8422222222222222 0.21777777777777776 0.2
4 0.16666666666666666 0.8511111111111112 0.17333333333333334 0.2
4 0.3422222222222222 0.88 0.19555555555555557 0.19555555555555557