4 0.5276442307692307 0.25240384615384615 0.0985576923076923 0.1201923076923077
4 0.9206730769230769 0.2608173076923077 0.09615384615384616 0.10817307692307693
4 0.6237980769230769 0.265625 0.09375 0.10336538461538461
4 0.8173076923076923 0.265625 0.10096153846153846 0.10336538461538461
4 0.7247596153846154 0.27884615384615385 0.09375 0.11538461538461539
4 0.06129807692307692 0.3076923076923077 0.0889423076923077 0.11057692307692307
4 0.15384615384615385 0.32572115384615385 0.09615384615384616 0.09375
4 0.3317307692307692 0.33413461538461536 0.10096153846153846 0.1201923076923077
4 0.2439903846153846 0.3401442307692308 0.08413461538461539 0.0985576923076923
4 0.43028846153846156 0.35096153846153844 0.10096153846153846 0.11538461538461539
4 0.8137019230769231 0.3605769230769231 0.10336538461538461 0.10096153846153846
4 0.5276442307692307 0.36658653846153844 0.10336538461538461 0.10817307692307693
4 0.9122596153846154 0.36899038461538464 0.0985576923076923 0.12259615384615384
4 0.6201923076923077 0.38221153846153844 0.09134615384615384 0.10576923076923077
4 0.7151442307692307 0.38221153846153844 0.08413461538461539 0.10096153846153846
4 0.07211538461538461 0.390625 0.09134615384615384 0.09375
4 0.15264423076923078 0.42427884615384615 0.0985576923076923 0.11778846153846154
4 0.24278846153846154 0.4326923076923077 0.08173076923076923 0.1201923076923077
4 0.3269230769230769 0.4338942307692308 0.08653846153846154 0.0889423076923077
4 0.41586538461538464 0.44471153846153844 0.08653846153846154 0.11057692307692307
4 0.5048076923076923 0.45552884615384615 0.09134615384615384 0.0985576923076923
4 0.8942307692307693 0.46634615384615385 0.11057692307692307 0.1346153846153846
4 0.8040865384615384 0.46875 0.08413461538461539 0.11057692307692307
4 0.7103365384615384 0.47716346153846156 0.10336538461538461 0.11298076923076923
4 0.6105769230769231 0.4807692307692308 0.10096153846153846 0.10096153846153846
4 0.07211538461538461 0.4831730769230769 0.09134615384615384 0.09615384615384616
4 0.15985576923076922 0.5120192307692307 0.09375 0.08653846153846154
4 0.2512019230769231 0.5240384615384616 0.07932692307692307 0.08653846153846154
4 0.3317307692307692 0.5276442307692307 0.09134615384615384 0.0889423076923077
4 0.4170673076923077 0.5348557692307693 0.09375 0.09375
4 0.515625 0.5420673076923077 0.0985576923076923 0.09375
4 0.796875 0.5612980769230769 0.08413461538461539 0.08413461538461539
4 0.6141826923076923 0.5625 0.09375 0.08653846153846154
4 0.07932692307692307 0.5757211538461539 0.09134615384615384 0.08413461538461539
4 0.7043269230769231 0.5769230769230769 0.08173076923076923 0.08653846153846154
4 0.8954326923076923 0.5805288461538461 0.10817307692307693 0.09375
4 0.1622596153846154 0.5901442307692307 0.07451923076923077 0.10336538461538461
4 0.25240384615384615 0.6213942307692307 0.08653846153846154 0.09375
4 0.3449519230769231 0.6213942307692307 0.09375 0.09375
4 0.43028846153846156 0.6213942307692307 0.08653846153846154 0.0889423076923077
4 0.5192307692307693 0.6346153846153846 0.09615384615384616 0.09615384615384616
4 0.6129807692307693 0.6514423076923077 0.09134615384615384 0.09615384615384616
4 0.796875 0.65625 0.0985576923076923 0.09615384615384616
4 0.7019230769230769 0.6586538461538461 0.08653846153846154 0.10576923076923077
4 0.08413461538461539 0.6754807692307693 0.08653846153846154 0.09615384615384616
4 0.8894230769230769 0.6778846153846154 0.09134615384615384 0.11538461538461539
4 0.17548076923076922 0.6814903846153846 0.08173076923076923 0.07451923076923077
4 0.25721153846153844 0.6850961538461539 0.09134615384615384 0.08653846153846154
4 0.34975961538461536 0.7019230769230769 0.0889423076923077 0.10576923076923077
4 0.5144230769230769 0.7127403846153846 0.08173076923076923 0.0889423076923077
4 0.6069711538461539 0.7331730769230769 0.09375 0.08173076923076923
4 0.6923076923076923 0.734375 0.08653846153846154 0.07932692307692307
4 0.7872596153846154 0.7415865384615384 0.09375 0.06971153846153846
4 0.8834134615384616 0.75 0.0985576923076923 0.08653846153846154
4 0.17908653846153846 0.75 0.0985576923076923 0.09615384615384616
4 0.09014423076923077 0.7584134615384616 0.08413461538461539 0.09375
4 0.25961538461538464 0.7668269230769231 0.08173076923076923 0.09134615384615384
4 0.34134615384615385 0.7752403846153846 0.08173076923076923 0.09375
4 0.43028846153846156 0.7800480769230769 0.09615384615384616 0.11778846153846154
4 0.5166826923076923 0.7836538461538461 0.09375 0.08653846153846154
4 0.5985576923076923 0.8064903846153846 0.08653846153846154 0.08413461538461539
4 0.8689903846153846 0.8137019230769231 0.08413461538461539 0.0985576923076923
4 0.7761778846153846 0.8170432692307692 0.09134615384615384 0.10096153846153846
4 0.6899038461538461 0.8197115384615384 0.08653846153846154 0.07692307692307693
4 0.10817307692307693 0.828125 0.08173076923076923 0.04567307692307692
4 0.1814903846153846 0.8353365384615384 0.07932692307692307 0.07451923076923077
4 0.25721153846153844 0.8461538461538461 0.09134615384615384 0.08653846153846154
4 0.3449519230769231 0.8497596153846154 0.08413461538461539 0.09375
4 0.4230769230769231 0.8569711538461539 0.09134615384615384 0.06490384615384616
4 0.5132211538461539 0.8605769230769231 0.0889423076923077 0.11538461538461539
4 0.6021634615384616 0.8786057692307693 0.10336538461538461 0.06009615384615385
4 0.6814903846153846 0.8846153846153846 0.07451923076923077 0.08173076923076923
4 0.7752403846153846 0.8978365384615384 0.0985576923076923 0.06490384615384616
4 0.8641826923076923 0.8978365384615384 0.07932692307692307 0.10336538461538461
4 0.22355769230769232 0.11298076923076923 0.11057692307692307 0.1201923076923077
4 0.32211538461538464 0.11899038461538461 0.09134615384615384 0.11298076923076923
4 0.10096153846153846 0.1201923076923077 0.10096153846153846 0.10576923076923077
4 0.4182692307692308 0.12620192307692307 0.10576923076923077 0.10336538461538461
4 0.9290865384615384 0.140625 0.10336538461538461 0.12259615384615384
4 0.5240384615384616 0.1466346153846154 0.09615384615384616 0.1201923076923077
4 0.8209134615384616 0.1466346153846154 0.0985576923076923 0.12980769230769232
4 0.6201923076923077 0.15625 0.09615384615384616 0.1201923076923077
4 0.7235576923076923 0.15985576923076922 0.10096153846153846 0.13701923076923078
4 0.06610576923076923 0.21514423076923078 0.0889423076923077 0.10817307692307693
4 0.3293269230769231 0.2283653846153846 0.10576923076923077 0.11057692307692307
4 0.15144230769230768 0.22956730769230768 0.08653846153846154 0.10817307692307693
4 0.42788461538461536 0.23677884615384615 0.10096153846153846 0.13221153846153846
4 0.23798076923076922 0.23677884615384615 0.09615384615384616 0.10817307692307693